60.5571254065
60.5571254065
60.5571254065
69.0079695984
69.0079695984
69.2835146237
69.2835146237
69.2835146237
69.2835146237
69.2835146237
69.2835146237
69.2835146237
69.2835146237
69.2835146237
66.1588859834
66.1588859834
66.1588859834
66.1588859834
66.1588859834
66.1588859834
66.1588859834
66.1588859834
66.1588859834
63.9991501099
63.9991501099
63.9991501099
63.9991501099
63.9991501099
63.9991501099
63.9991501099
63.9991501099
63.9991501099
63.9991501099
59.5455981746
59.5455981746
59.5455981746
59.5455981746
60.2234108704
60.2234108704
60.2234108704
60.2234108704
60.2234108704
60.2234108704
60.2234108704
60.2234108704
60.2234108704
63.2291106399
63.2291106399
63.2291106399
63.2291106399
63.2291106399
65.4155715608
65.4155715608
65.4155715608
65.4155715608
65.4155715608
65.4155715608
64.1960246998
64.1960246998
64.1960246998
64.1960246998
64.1960246998
64.1960246998
64.1960246998
64.1960246998
64.0318938505
64.0318938505
64.0318938505
64.0318938505
64.0318938505
64.0318938505
64.0318938505
64.0318938505
64.6176971475
64.6176971475
64.6176971475
64.6176971475
64.6176971475
64.6176971475
64.6176971475
62.3880851036
62.3880851036
62.3880851036
62.3880851036
62.3880851036
65.3558910064
65.3558910064
65.3558910064
65.3558910064
62.6587863695
62.6587863695
62.6587863695
62.6587863695
62.6587863695
62.6587863695
62.6587863695
62.6587863695
62.6587863695
58.6071876131
58.6071876131
61.0919311909
61.0919311909
61.0919311909
63.5111548931
63.5111548931
63.5111548931
64.0407269991
64.0407269991
64.0407269991
64.0407269991
64.0407269991
64.0407269991
64.0407269991
64.0407269991
64.0407269991
64.0407269991
63.7500248331
63.7500248331
63.7500248331
63.7500248331
63.7500248331
65.489802735
65.489802735
65.489802735
65.489802735
65.489802735
65.489802735
69.0675545045
69.0675545045
69.0675545045
69.0675545045
69.0675545045
69.0675545045
62.8223225922
62.8223225922
62.8223225922
62.8223225922
62.8223225922
62.8223225922
62.8223225922
62.8223225922
62.8223225922
62.8223225922
69.5599944224
69.5599944224
69.5599944224
69.5599944224
69.5599944224
69.5599944224
69.9110856691
69.9110856691
69.9110856691
69.9110856691
69.9110856691
69.9110856691
69.9110856691
68.778791663
68.778791663
68.778791663
68.778791663
68.778791663
68.778791663
67.239411227
67.239411227
67.239411227
67.239411227
67.239411227
67.239411227
67.1224459764
67.1224459764
67.1224459764
67.1224459764
67.1224459764
67.1224459764
65.8708561975
65.8708561975
65.8708561975
65.8708561975
65.8708561975
65.8708561975
65.8708561975
65.8708561975
65.8708561975
65.8708561975
63.4857107042
63.4857107042
63.4857107042
63.4857107042
63.4857107042
63.4857107042
62.5495087492
62.5495087492
62.5495087492
62.5495087492
62.5495087492
62.5495087492
62.5495087492
62.5495087492
62.5495087492
62.5495087492
62.5495087492